structure(c(1, 0.0455052439787475, 0.123373651522919, 0.0289775419622899, 
0.0102036904966775, 0.0165017892117446, 0.000483069025934838, 
0.00433889645433049, 0.0746636275111556, 0.00268128359016375, 
0.0315030525343552, 1.56906407417406, 0.99783390863564, 0.0238942175341629, 
0.619037164989548, 0.0195690079815667, 0.00652898087907228, 8.67398398248034, 
0.93068562288056, 1.02793660894061, 0.00159819588506461, 0.00191458842959271, 
0.00165547150180569, 0.00173567509740904, 0.265010526535666, 
0.000823766779510746, 0.0118660481168939, 0.282450621262168, 
0.0360264576424063, 0.0854064756347846, 0.0367949005032536, 0.14780139770635, 
0), .Names = c("energie", "eiwit", "koolhydraat", "vetTotaal", 
"vetVerzadigd", "vetOnverzadigd", "vetzurenTrans", "linolzuur", 
"cholesterol", "alcohol", "vezels", "na", "ca", "fe", "mg", "se", 
"zn", "K", "P", "vitamineA", "vitamineB1", "vitamineB2", "vitamineB6", 
"vitamineB12", "vitamineC", "vitamineD", "vitamineE", "foliumzuur", 
"nicotz", "totMdisac", "totPdisac", "eiwitP", "pEiw"))
